{
 "cells": [
  {
   "cell_type": "code",
   "execution_count": 7,
   "id": "79a71a84-0380-49f0-a61c-3f44370e1cff",
   "metadata": {},
   "outputs": [],
   "source": [
    "import pandas as pd\n",
    "import numpy as np\n",
    "import matplotlib.pyplot as plt\n",
    "import seaborn as sns\n",
    "\n"
   ]
  },
  {
   "cell_type": "code",
   "execution_count": 9,
   "id": "769e6a75-3a03-41a7-88a0-d0396e921130",
   "metadata": {},
   "outputs": [
    {
     "data": {
      "text/html": [
       "<div>\n",
       "<style scoped>\n",
       "    .dataframe tbody tr th:only-of-type {\n",
       "        vertical-align: middle;\n",
       "    }\n",
       "\n",
       "    .dataframe tbody tr th {\n",
       "        vertical-align: top;\n",
       "    }\n",
       "\n",
       "    .dataframe thead th {\n",
       "        text-align: right;\n",
       "    }\n",
       "</style>\n",
       "<table border=\"1\" class=\"dataframe\">\n",
       "  <thead>\n",
       "    <tr style=\"text-align: right;\">\n",
       "      <th></th>\n",
       "      <th>Region</th>\n",
       "      <th>Country</th>\n",
       "      <th>Item Type</th>\n",
       "      <th>Sales Channel</th>\n",
       "      <th>Order Priority</th>\n",
       "      <th>Order Date</th>\n",
       "      <th>Order ID</th>\n",
       "      <th>Ship Date</th>\n",
       "      <th>Units Sold</th>\n",
       "      <th>Unit Price</th>\n",
       "      <th>Unit Cost</th>\n",
       "      <th>Total Revenue</th>\n",
       "      <th>Total Cost</th>\n",
       "      <th>Total Profit</th>\n",
       "    </tr>\n",
       "  </thead>\n",
       "  <tbody>\n",
       "    <tr>\n",
       "      <th>0</th>\n",
       "      <td>Middle East and North Africa</td>\n",
       "      <td>Azerbaijan</td>\n",
       "      <td>Snacks</td>\n",
       "      <td>Online</td>\n",
       "      <td>C</td>\n",
       "      <td>10/8/2014</td>\n",
       "      <td>535113847</td>\n",
       "      <td>10/23/2014</td>\n",
       "      <td>934</td>\n",
       "      <td>152.58</td>\n",
       "      <td>97.44</td>\n",
       "      <td>142509.72</td>\n",
       "      <td>91008.96</td>\n",
       "      <td>51500.76</td>\n",
       "    </tr>\n",
       "    <tr>\n",
       "      <th>1</th>\n",
       "      <td>Central America and the Caribbean</td>\n",
       "      <td>Panama</td>\n",
       "      <td>Cosmetics</td>\n",
       "      <td>Offline</td>\n",
       "      <td>L</td>\n",
       "      <td>2/22/2015</td>\n",
       "      <td>874708545</td>\n",
       "      <td>2/27/2015</td>\n",
       "      <td>4551</td>\n",
       "      <td>437.20</td>\n",
       "      <td>263.33</td>\n",
       "      <td>1989697.20</td>\n",
       "      <td>1198414.83</td>\n",
       "      <td>791282.37</td>\n",
       "    </tr>\n",
       "    <tr>\n",
       "      <th>2</th>\n",
       "      <td>Sub-Saharan Africa</td>\n",
       "      <td>Sao Tome and Principe</td>\n",
       "      <td>Fruits</td>\n",
       "      <td>Offline</td>\n",
       "      <td>M</td>\n",
       "      <td>12/9/2015</td>\n",
       "      <td>854349935</td>\n",
       "      <td>1/18/2016</td>\n",
       "      <td>9986</td>\n",
       "      <td>9.33</td>\n",
       "      <td>6.92</td>\n",
       "      <td>93169.38</td>\n",
       "      <td>69103.12</td>\n",
       "      <td>24066.26</td>\n",
       "    </tr>\n",
       "    <tr>\n",
       "      <th>3</th>\n",
       "      <td>Sub-Saharan Africa</td>\n",
       "      <td>Sao Tome and Principe</td>\n",
       "      <td>Personal Care</td>\n",
       "      <td>Online</td>\n",
       "      <td>M</td>\n",
       "      <td>9/17/2014</td>\n",
       "      <td>892836844</td>\n",
       "      <td>10/12/2014</td>\n",
       "      <td>9118</td>\n",
       "      <td>81.73</td>\n",
       "      <td>56.67</td>\n",
       "      <td>745214.14</td>\n",
       "      <td>516717.06</td>\n",
       "      <td>228497.08</td>\n",
       "    </tr>\n",
       "    <tr>\n",
       "      <th>4</th>\n",
       "      <td>Central America and the Caribbean</td>\n",
       "      <td>Belize</td>\n",
       "      <td>Household</td>\n",
       "      <td>Offline</td>\n",
       "      <td>H</td>\n",
       "      <td>2/4/2010</td>\n",
       "      <td>129280602</td>\n",
       "      <td>3/5/2010</td>\n",
       "      <td>5858</td>\n",
       "      <td>668.27</td>\n",
       "      <td>502.54</td>\n",
       "      <td>3914725.66</td>\n",
       "      <td>2943879.32</td>\n",
       "      <td>970846.34</td>\n",
       "    </tr>\n",
       "    <tr>\n",
       "      <th>...</th>\n",
       "      <td>...</td>\n",
       "      <td>...</td>\n",
       "      <td>...</td>\n",
       "      <td>...</td>\n",
       "      <td>...</td>\n",
       "      <td>...</td>\n",
       "      <td>...</td>\n",
       "      <td>...</td>\n",
       "      <td>...</td>\n",
       "      <td>...</td>\n",
       "      <td>...</td>\n",
       "      <td>...</td>\n",
       "      <td>...</td>\n",
       "      <td>...</td>\n",
       "    </tr>\n",
       "    <tr>\n",
       "      <th>99995</th>\n",
       "      <td>Sub-Saharan Africa</td>\n",
       "      <td>Niger</td>\n",
       "      <td>Cereal</td>\n",
       "      <td>Offline</td>\n",
       "      <td>L</td>\n",
       "      <td>8/26/2012</td>\n",
       "      <td>836322486</td>\n",
       "      <td>9/11/2012</td>\n",
       "      <td>5263</td>\n",
       "      <td>205.70</td>\n",
       "      <td>117.11</td>\n",
       "      <td>1082599.10</td>\n",
       "      <td>616349.93</td>\n",
       "      <td>466249.17</td>\n",
       "    </tr>\n",
       "    <tr>\n",
       "      <th>99996</th>\n",
       "      <td>Europe</td>\n",
       "      <td>Poland</td>\n",
       "      <td>Meat</td>\n",
       "      <td>Offline</td>\n",
       "      <td>C</td>\n",
       "      <td>12/3/2013</td>\n",
       "      <td>110449349</td>\n",
       "      <td>12/10/2013</td>\n",
       "      <td>3272</td>\n",
       "      <td>421.89</td>\n",
       "      <td>364.69</td>\n",
       "      <td>1380424.08</td>\n",
       "      <td>1193265.68</td>\n",
       "      <td>187158.40</td>\n",
       "    </tr>\n",
       "    <tr>\n",
       "      <th>99997</th>\n",
       "      <td>Sub-Saharan Africa</td>\n",
       "      <td>Comoros</td>\n",
       "      <td>Clothes</td>\n",
       "      <td>Online</td>\n",
       "      <td>M</td>\n",
       "      <td>8/7/2013</td>\n",
       "      <td>193128764</td>\n",
       "      <td>8/31/2013</td>\n",
       "      <td>9948</td>\n",
       "      <td>109.28</td>\n",
       "      <td>35.84</td>\n",
       "      <td>1087117.44</td>\n",
       "      <td>356536.32</td>\n",
       "      <td>730581.12</td>\n",
       "    </tr>\n",
       "    <tr>\n",
       "      <th>99998</th>\n",
       "      <td>Middle East and North Africa</td>\n",
       "      <td>Kuwait</td>\n",
       "      <td>Cosmetics</td>\n",
       "      <td>Online</td>\n",
       "      <td>L</td>\n",
       "      <td>6/28/2011</td>\n",
       "      <td>701597058</td>\n",
       "      <td>7/3/2011</td>\n",
       "      <td>7015</td>\n",
       "      <td>437.20</td>\n",
       "      <td>263.33</td>\n",
       "      <td>3066958.00</td>\n",
       "      <td>1847259.95</td>\n",
       "      <td>1219698.05</td>\n",
       "    </tr>\n",
       "    <tr>\n",
       "      <th>99999</th>\n",
       "      <td>Sub-Saharan Africa</td>\n",
       "      <td>Tanzania</td>\n",
       "      <td>Cosmetics</td>\n",
       "      <td>Offline</td>\n",
       "      <td>C</td>\n",
       "      <td>4/3/2012</td>\n",
       "      <td>423403060</td>\n",
       "      <td>4/30/2012</td>\n",
       "      <td>3229</td>\n",
       "      <td>437.20</td>\n",
       "      <td>263.33</td>\n",
       "      <td>1411718.80</td>\n",
       "      <td>850292.57</td>\n",
       "      <td>561426.23</td>\n",
       "    </tr>\n",
       "  </tbody>\n",
       "</table>\n",
       "<p>100000 rows × 14 columns</p>\n",
       "</div>"
      ],
      "text/plain": [
       "                                  Region                Country  \\\n",
       "0           Middle East and North Africa             Azerbaijan   \n",
       "1      Central America and the Caribbean                 Panama   \n",
       "2                     Sub-Saharan Africa  Sao Tome and Principe   \n",
       "3                     Sub-Saharan Africa  Sao Tome and Principe   \n",
       "4      Central America and the Caribbean                 Belize   \n",
       "...                                  ...                    ...   \n",
       "99995                 Sub-Saharan Africa                  Niger   \n",
       "99996                             Europe                 Poland   \n",
       "99997                 Sub-Saharan Africa                Comoros   \n",
       "99998       Middle East and North Africa                 Kuwait   \n",
       "99999                 Sub-Saharan Africa               Tanzania   \n",
       "\n",
       "           Item Type Sales Channel Order Priority Order Date   Order ID  \\\n",
       "0             Snacks        Online              C  10/8/2014  535113847   \n",
       "1          Cosmetics       Offline              L  2/22/2015  874708545   \n",
       "2             Fruits       Offline              M  12/9/2015  854349935   \n",
       "3      Personal Care        Online              M  9/17/2014  892836844   \n",
       "4          Household       Offline              H   2/4/2010  129280602   \n",
       "...              ...           ...            ...        ...        ...   \n",
       "99995         Cereal       Offline              L  8/26/2012  836322486   \n",
       "99996           Meat       Offline              C  12/3/2013  110449349   \n",
       "99997        Clothes        Online              M   8/7/2013  193128764   \n",
       "99998      Cosmetics        Online              L  6/28/2011  701597058   \n",
       "99999      Cosmetics       Offline              C   4/3/2012  423403060   \n",
       "\n",
       "        Ship Date  Units Sold  Unit Price  Unit Cost  Total Revenue  \\\n",
       "0      10/23/2014         934      152.58      97.44      142509.72   \n",
       "1       2/27/2015        4551      437.20     263.33     1989697.20   \n",
       "2       1/18/2016        9986        9.33       6.92       93169.38   \n",
       "3      10/12/2014        9118       81.73      56.67      745214.14   \n",
       "4        3/5/2010        5858      668.27     502.54     3914725.66   \n",
       "...           ...         ...         ...        ...            ...   \n",
       "99995   9/11/2012        5263      205.70     117.11     1082599.10   \n",
       "99996  12/10/2013        3272      421.89     364.69     1380424.08   \n",
       "99997   8/31/2013        9948      109.28      35.84     1087117.44   \n",
       "99998    7/3/2011        7015      437.20     263.33     3066958.00   \n",
       "99999   4/30/2012        3229      437.20     263.33     1411718.80   \n",
       "\n",
       "       Total Cost  Total Profit  \n",
       "0        91008.96      51500.76  \n",
       "1      1198414.83     791282.37  \n",
       "2        69103.12      24066.26  \n",
       "3       516717.06     228497.08  \n",
       "4      2943879.32     970846.34  \n",
       "...           ...           ...  \n",
       "99995   616349.93     466249.17  \n",
       "99996  1193265.68     187158.40  \n",
       "99997   356536.32     730581.12  \n",
       "99998  1847259.95    1219698.05  \n",
       "99999   850292.57     561426.23  \n",
       "\n",
       "[100000 rows x 14 columns]"
      ]
     },
     "execution_count": 9,
     "metadata": {},
     "output_type": "execute_result"
    }
   ],
   "source": [
    "df=pd.read_csv(r'E:\\data analysis projectttttttt\\power bi\\finalDepi\\SalesRecords.csv')\n",
    "df"
   ]
  },
  {
   "cell_type": "code",
   "execution_count": 11,
   "id": "b1b6a2f6-7d50-496e-b3ca-b0b020317db5",
   "metadata": {},
   "outputs": [
    {
     "data": {
      "text/plain": [
       "Region            0\n",
       "Country           0\n",
       "Item Type         0\n",
       "Sales Channel     0\n",
       "Order Priority    0\n",
       "Order Date        0\n",
       "Order ID          0\n",
       "Ship Date         0\n",
       "Units Sold        0\n",
       "Unit Price        0\n",
       "Unit Cost         0\n",
       "Total Revenue     0\n",
       "Total Cost        0\n",
       "Total Profit      0\n",
       "dtype: int64"
      ]
     },
     "execution_count": 11,
     "metadata": {},
     "output_type": "execute_result"
    }
   ],
   "source": [
    "df.isnull().sum()"
   ]
  },
  {
   "cell_type": "code",
   "execution_count": 21,
   "id": "09bc7df7-bf0d-4635-86af-9090a28ab4bb",
   "metadata": {},
   "outputs": [
    {
     "data": {
      "text/html": [
       "<div>\n",
       "<style scoped>\n",
       "    .dataframe tbody tr th:only-of-type {\n",
       "        vertical-align: middle;\n",
       "    }\n",
       "\n",
       "    .dataframe tbody tr th {\n",
       "        vertical-align: top;\n",
       "    }\n",
       "\n",
       "    .dataframe thead th {\n",
       "        text-align: right;\n",
       "    }\n",
       "</style>\n",
       "<table border=\"1\" class=\"dataframe\">\n",
       "  <thead>\n",
       "    <tr style=\"text-align: right;\">\n",
       "      <th></th>\n",
       "      <th>Region</th>\n",
       "      <th>Country</th>\n",
       "      <th>Item Type</th>\n",
       "      <th>Sales Channel</th>\n",
       "      <th>Order Priority</th>\n",
       "      <th>Order Date</th>\n",
       "      <th>Order ID</th>\n",
       "      <th>Ship Date</th>\n",
       "      <th>Units Sold</th>\n",
       "      <th>Unit Price</th>\n",
       "      <th>Unit Cost</th>\n",
       "      <th>Total Revenue</th>\n",
       "      <th>Total Cost</th>\n",
       "      <th>Total Profit</th>\n",
       "    </tr>\n",
       "  </thead>\n",
       "  <tbody>\n",
       "    <tr>\n",
       "      <th>0</th>\n",
       "      <td>Middle East and North Africa</td>\n",
       "      <td>Azerbaijan</td>\n",
       "      <td>Snacks</td>\n",
       "      <td>Online</td>\n",
       "      <td>C</td>\n",
       "      <td>2014-10-08</td>\n",
       "      <td>535113847</td>\n",
       "      <td>2014-10-23</td>\n",
       "      <td>934</td>\n",
       "      <td>152.58</td>\n",
       "      <td>97.44</td>\n",
       "      <td>142509.72</td>\n",
       "      <td>91008.96</td>\n",
       "      <td>51500.76</td>\n",
       "    </tr>\n",
       "    <tr>\n",
       "      <th>1</th>\n",
       "      <td>Central America and the Caribbean</td>\n",
       "      <td>Panama</td>\n",
       "      <td>Cosmetics</td>\n",
       "      <td>Offline</td>\n",
       "      <td>L</td>\n",
       "      <td>2015-02-22</td>\n",
       "      <td>874708545</td>\n",
       "      <td>2015-02-27</td>\n",
       "      <td>4551</td>\n",
       "      <td>437.20</td>\n",
       "      <td>263.33</td>\n",
       "      <td>1989697.20</td>\n",
       "      <td>1198414.83</td>\n",
       "      <td>791282.37</td>\n",
       "    </tr>\n",
       "    <tr>\n",
       "      <th>2</th>\n",
       "      <td>Sub-Saharan Africa</td>\n",
       "      <td>Sao Tome and Principe</td>\n",
       "      <td>Fruits</td>\n",
       "      <td>Offline</td>\n",
       "      <td>M</td>\n",
       "      <td>2015-12-09</td>\n",
       "      <td>854349935</td>\n",
       "      <td>2016-01-18</td>\n",
       "      <td>9986</td>\n",
       "      <td>9.33</td>\n",
       "      <td>6.92</td>\n",
       "      <td>93169.38</td>\n",
       "      <td>69103.12</td>\n",
       "      <td>24066.26</td>\n",
       "    </tr>\n",
       "    <tr>\n",
       "      <th>3</th>\n",
       "      <td>Sub-Saharan Africa</td>\n",
       "      <td>Sao Tome and Principe</td>\n",
       "      <td>Personal Care</td>\n",
       "      <td>Online</td>\n",
       "      <td>M</td>\n",
       "      <td>2014-09-17</td>\n",
       "      <td>892836844</td>\n",
       "      <td>2014-10-12</td>\n",
       "      <td>9118</td>\n",
       "      <td>81.73</td>\n",
       "      <td>56.67</td>\n",
       "      <td>745214.14</td>\n",
       "      <td>516717.06</td>\n",
       "      <td>228497.08</td>\n",
       "    </tr>\n",
       "    <tr>\n",
       "      <th>4</th>\n",
       "      <td>Central America and the Caribbean</td>\n",
       "      <td>Belize</td>\n",
       "      <td>Household</td>\n",
       "      <td>Offline</td>\n",
       "      <td>H</td>\n",
       "      <td>2010-02-04</td>\n",
       "      <td>129280602</td>\n",
       "      <td>2010-03-05</td>\n",
       "      <td>5858</td>\n",
       "      <td>668.27</td>\n",
       "      <td>502.54</td>\n",
       "      <td>3914725.66</td>\n",
       "      <td>2943879.32</td>\n",
       "      <td>970846.34</td>\n",
       "    </tr>\n",
       "    <tr>\n",
       "      <th>...</th>\n",
       "      <td>...</td>\n",
       "      <td>...</td>\n",
       "      <td>...</td>\n",
       "      <td>...</td>\n",
       "      <td>...</td>\n",
       "      <td>...</td>\n",
       "      <td>...</td>\n",
       "      <td>...</td>\n",
       "      <td>...</td>\n",
       "      <td>...</td>\n",
       "      <td>...</td>\n",
       "      <td>...</td>\n",
       "      <td>...</td>\n",
       "      <td>...</td>\n",
       "    </tr>\n",
       "    <tr>\n",
       "      <th>99995</th>\n",
       "      <td>Sub-Saharan Africa</td>\n",
       "      <td>Niger</td>\n",
       "      <td>Cereal</td>\n",
       "      <td>Offline</td>\n",
       "      <td>L</td>\n",
       "      <td>2012-08-26</td>\n",
       "      <td>836322486</td>\n",
       "      <td>2012-09-11</td>\n",
       "      <td>5263</td>\n",
       "      <td>205.70</td>\n",
       "      <td>117.11</td>\n",
       "      <td>1082599.10</td>\n",
       "      <td>616349.93</td>\n",
       "      <td>466249.17</td>\n",
       "    </tr>\n",
       "    <tr>\n",
       "      <th>99996</th>\n",
       "      <td>Europe</td>\n",
       "      <td>Poland</td>\n",
       "      <td>Meat</td>\n",
       "      <td>Offline</td>\n",
       "      <td>C</td>\n",
       "      <td>2013-12-03</td>\n",
       "      <td>110449349</td>\n",
       "      <td>2013-12-10</td>\n",
       "      <td>3272</td>\n",
       "      <td>421.89</td>\n",
       "      <td>364.69</td>\n",
       "      <td>1380424.08</td>\n",
       "      <td>1193265.68</td>\n",
       "      <td>187158.40</td>\n",
       "    </tr>\n",
       "    <tr>\n",
       "      <th>99997</th>\n",
       "      <td>Sub-Saharan Africa</td>\n",
       "      <td>Comoros</td>\n",
       "      <td>Clothes</td>\n",
       "      <td>Online</td>\n",
       "      <td>M</td>\n",
       "      <td>2013-08-07</td>\n",
       "      <td>193128764</td>\n",
       "      <td>2013-08-31</td>\n",
       "      <td>9948</td>\n",
       "      <td>109.28</td>\n",
       "      <td>35.84</td>\n",
       "      <td>1087117.44</td>\n",
       "      <td>356536.32</td>\n",
       "      <td>730581.12</td>\n",
       "    </tr>\n",
       "    <tr>\n",
       "      <th>99998</th>\n",
       "      <td>Middle East and North Africa</td>\n",
       "      <td>Kuwait</td>\n",
       "      <td>Cosmetics</td>\n",
       "      <td>Online</td>\n",
       "      <td>L</td>\n",
       "      <td>2011-06-28</td>\n",
       "      <td>701597058</td>\n",
       "      <td>2011-07-03</td>\n",
       "      <td>7015</td>\n",
       "      <td>437.20</td>\n",
       "      <td>263.33</td>\n",
       "      <td>3066958.00</td>\n",
       "      <td>1847259.95</td>\n",
       "      <td>1219698.05</td>\n",
       "    </tr>\n",
       "    <tr>\n",
       "      <th>99999</th>\n",
       "      <td>Sub-Saharan Africa</td>\n",
       "      <td>Tanzania</td>\n",
       "      <td>Cosmetics</td>\n",
       "      <td>Offline</td>\n",
       "      <td>C</td>\n",
       "      <td>2012-04-03</td>\n",
       "      <td>423403060</td>\n",
       "      <td>2012-04-30</td>\n",
       "      <td>3229</td>\n",
       "      <td>437.20</td>\n",
       "      <td>263.33</td>\n",
       "      <td>1411718.80</td>\n",
       "      <td>850292.57</td>\n",
       "      <td>561426.23</td>\n",
       "    </tr>\n",
       "  </tbody>\n",
       "</table>\n",
       "<p>100000 rows × 14 columns</p>\n",
       "</div>"
      ],
      "text/plain": [
       "                                  Region                Country  \\\n",
       "0           Middle East and North Africa             Azerbaijan   \n",
       "1      Central America and the Caribbean                 Panama   \n",
       "2                     Sub-Saharan Africa  Sao Tome and Principe   \n",
       "3                     Sub-Saharan Africa  Sao Tome and Principe   \n",
       "4      Central America and the Caribbean                 Belize   \n",
       "...                                  ...                    ...   \n",
       "99995                 Sub-Saharan Africa                  Niger   \n",
       "99996                             Europe                 Poland   \n",
       "99997                 Sub-Saharan Africa                Comoros   \n",
       "99998       Middle East and North Africa                 Kuwait   \n",
       "99999                 Sub-Saharan Africa               Tanzania   \n",
       "\n",
       "           Item Type Sales Channel Order Priority Order Date   Order ID  \\\n",
       "0             Snacks        Online              C 2014-10-08  535113847   \n",
       "1          Cosmetics       Offline              L 2015-02-22  874708545   \n",
       "2             Fruits       Offline              M 2015-12-09  854349935   \n",
       "3      Personal Care        Online              M 2014-09-17  892836844   \n",
       "4          Household       Offline              H 2010-02-04  129280602   \n",
       "...              ...           ...            ...        ...        ...   \n",
       "99995         Cereal       Offline              L 2012-08-26  836322486   \n",
       "99996           Meat       Offline              C 2013-12-03  110449349   \n",
       "99997        Clothes        Online              M 2013-08-07  193128764   \n",
       "99998      Cosmetics        Online              L 2011-06-28  701597058   \n",
       "99999      Cosmetics       Offline              C 2012-04-03  423403060   \n",
       "\n",
       "       Ship Date  Units Sold  Unit Price  Unit Cost  Total Revenue  \\\n",
       "0     2014-10-23         934      152.58      97.44      142509.72   \n",
       "1     2015-02-27        4551      437.20     263.33     1989697.20   \n",
       "2     2016-01-18        9986        9.33       6.92       93169.38   \n",
       "3     2014-10-12        9118       81.73      56.67      745214.14   \n",
       "4     2010-03-05        5858      668.27     502.54     3914725.66   \n",
       "...          ...         ...         ...        ...            ...   \n",
       "99995 2012-09-11        5263      205.70     117.11     1082599.10   \n",
       "99996 2013-12-10        3272      421.89     364.69     1380424.08   \n",
       "99997 2013-08-31        9948      109.28      35.84     1087117.44   \n",
       "99998 2011-07-03        7015      437.20     263.33     3066958.00   \n",
       "99999 2012-04-30        3229      437.20     263.33     1411718.80   \n",
       "\n",
       "       Total Cost  Total Profit  \n",
       "0        91008.96      51500.76  \n",
       "1      1198414.83     791282.37  \n",
       "2        69103.12      24066.26  \n",
       "3       516717.06     228497.08  \n",
       "4      2943879.32     970846.34  \n",
       "...           ...           ...  \n",
       "99995   616349.93     466249.17  \n",
       "99996  1193265.68     187158.40  \n",
       "99997   356536.32     730581.12  \n",
       "99998  1847259.95    1219698.05  \n",
       "99999   850292.57     561426.23  \n",
       "\n",
       "[100000 rows x 14 columns]"
      ]
     },
     "execution_count": 21,
     "metadata": {},
     "output_type": "execute_result"
    }
   ],
   "source": [
    "df.drop_duplicates(inplace = True)\n",
    "df"
   ]
  },
  {
   "cell_type": "code",
   "execution_count": 13,
   "id": "5d10d1c2-946f-4148-a579-5d8f4e797071",
   "metadata": {},
   "outputs": [],
   "source": [
    "df = df.dropna()"
   ]
  },
  {
   "cell_type": "code",
   "execution_count": 15,
   "id": "63998109-3276-49f7-8dc2-484c66cfd232",
   "metadata": {},
   "outputs": [
    {
     "data": {
      "text/html": [
       "<div>\n",
       "<style scoped>\n",
       "    .dataframe tbody tr th:only-of-type {\n",
       "        vertical-align: middle;\n",
       "    }\n",
       "\n",
       "    .dataframe tbody tr th {\n",
       "        vertical-align: top;\n",
       "    }\n",
       "\n",
       "    .dataframe thead th {\n",
       "        text-align: right;\n",
       "    }\n",
       "</style>\n",
       "<table border=\"1\" class=\"dataframe\">\n",
       "  <thead>\n",
       "    <tr style=\"text-align: right;\">\n",
       "      <th></th>\n",
       "      <th>Region</th>\n",
       "      <th>Country</th>\n",
       "      <th>Item Type</th>\n",
       "      <th>Sales Channel</th>\n",
       "      <th>Order Priority</th>\n",
       "      <th>Order Date</th>\n",
       "      <th>Order ID</th>\n",
       "      <th>Ship Date</th>\n",
       "      <th>Units Sold</th>\n",
       "      <th>Unit Price</th>\n",
       "      <th>Unit Cost</th>\n",
       "      <th>Total Revenue</th>\n",
       "      <th>Total Cost</th>\n",
       "      <th>Total Profit</th>\n",
       "    </tr>\n",
       "  </thead>\n",
       "  <tbody>\n",
       "    <tr>\n",
       "      <th>0</th>\n",
       "      <td>Middle East and North Africa</td>\n",
       "      <td>Azerbaijan</td>\n",
       "      <td>Snacks</td>\n",
       "      <td>Online</td>\n",
       "      <td>C</td>\n",
       "      <td>10/8/2014</td>\n",
       "      <td>535113847</td>\n",
       "      <td>10/23/2014</td>\n",
       "      <td>934</td>\n",
       "      <td>152.58</td>\n",
       "      <td>97.44</td>\n",
       "      <td>142509.72</td>\n",
       "      <td>91008.96</td>\n",
       "      <td>51500.76</td>\n",
       "    </tr>\n",
       "    <tr>\n",
       "      <th>1</th>\n",
       "      <td>Central America and the Caribbean</td>\n",
       "      <td>Panama</td>\n",
       "      <td>Cosmetics</td>\n",
       "      <td>Offline</td>\n",
       "      <td>L</td>\n",
       "      <td>2/22/2015</td>\n",
       "      <td>874708545</td>\n",
       "      <td>2/27/2015</td>\n",
       "      <td>4551</td>\n",
       "      <td>437.20</td>\n",
       "      <td>263.33</td>\n",
       "      <td>1989697.20</td>\n",
       "      <td>1198414.83</td>\n",
       "      <td>791282.37</td>\n",
       "    </tr>\n",
       "    <tr>\n",
       "      <th>2</th>\n",
       "      <td>Sub-Saharan Africa</td>\n",
       "      <td>Sao Tome and Principe</td>\n",
       "      <td>Fruits</td>\n",
       "      <td>Offline</td>\n",
       "      <td>M</td>\n",
       "      <td>12/9/2015</td>\n",
       "      <td>854349935</td>\n",
       "      <td>1/18/2016</td>\n",
       "      <td>9986</td>\n",
       "      <td>9.33</td>\n",
       "      <td>6.92</td>\n",
       "      <td>93169.38</td>\n",
       "      <td>69103.12</td>\n",
       "      <td>24066.26</td>\n",
       "    </tr>\n",
       "    <tr>\n",
       "      <th>3</th>\n",
       "      <td>Sub-Saharan Africa</td>\n",
       "      <td>Sao Tome and Principe</td>\n",
       "      <td>Personal Care</td>\n",
       "      <td>Online</td>\n",
       "      <td>M</td>\n",
       "      <td>9/17/2014</td>\n",
       "      <td>892836844</td>\n",
       "      <td>10/12/2014</td>\n",
       "      <td>9118</td>\n",
       "      <td>81.73</td>\n",
       "      <td>56.67</td>\n",
       "      <td>745214.14</td>\n",
       "      <td>516717.06</td>\n",
       "      <td>228497.08</td>\n",
       "    </tr>\n",
       "    <tr>\n",
       "      <th>4</th>\n",
       "      <td>Central America and the Caribbean</td>\n",
       "      <td>Belize</td>\n",
       "      <td>Household</td>\n",
       "      <td>Offline</td>\n",
       "      <td>H</td>\n",
       "      <td>2/4/2010</td>\n",
       "      <td>129280602</td>\n",
       "      <td>3/5/2010</td>\n",
       "      <td>5858</td>\n",
       "      <td>668.27</td>\n",
       "      <td>502.54</td>\n",
       "      <td>3914725.66</td>\n",
       "      <td>2943879.32</td>\n",
       "      <td>970846.34</td>\n",
       "    </tr>\n",
       "    <tr>\n",
       "      <th>...</th>\n",
       "      <td>...</td>\n",
       "      <td>...</td>\n",
       "      <td>...</td>\n",
       "      <td>...</td>\n",
       "      <td>...</td>\n",
       "      <td>...</td>\n",
       "      <td>...</td>\n",
       "      <td>...</td>\n",
       "      <td>...</td>\n",
       "      <td>...</td>\n",
       "      <td>...</td>\n",
       "      <td>...</td>\n",
       "      <td>...</td>\n",
       "      <td>...</td>\n",
       "    </tr>\n",
       "    <tr>\n",
       "      <th>99995</th>\n",
       "      <td>Sub-Saharan Africa</td>\n",
       "      <td>Niger</td>\n",
       "      <td>Cereal</td>\n",
       "      <td>Offline</td>\n",
       "      <td>L</td>\n",
       "      <td>8/26/2012</td>\n",
       "      <td>836322486</td>\n",
       "      <td>9/11/2012</td>\n",
       "      <td>5263</td>\n",
       "      <td>205.70</td>\n",
       "      <td>117.11</td>\n",
       "      <td>1082599.10</td>\n",
       "      <td>616349.93</td>\n",
       "      <td>466249.17</td>\n",
       "    </tr>\n",
       "    <tr>\n",
       "      <th>99996</th>\n",
       "      <td>Europe</td>\n",
       "      <td>Poland</td>\n",
       "      <td>Meat</td>\n",
       "      <td>Offline</td>\n",
       "      <td>C</td>\n",
       "      <td>12/3/2013</td>\n",
       "      <td>110449349</td>\n",
       "      <td>12/10/2013</td>\n",
       "      <td>3272</td>\n",
       "      <td>421.89</td>\n",
       "      <td>364.69</td>\n",
       "      <td>1380424.08</td>\n",
       "      <td>1193265.68</td>\n",
       "      <td>187158.40</td>\n",
       "    </tr>\n",
       "    <tr>\n",
       "      <th>99997</th>\n",
       "      <td>Sub-Saharan Africa</td>\n",
       "      <td>Comoros</td>\n",
       "      <td>Clothes</td>\n",
       "      <td>Online</td>\n",
       "      <td>M</td>\n",
       "      <td>8/7/2013</td>\n",
       "      <td>193128764</td>\n",
       "      <td>8/31/2013</td>\n",
       "      <td>9948</td>\n",
       "      <td>109.28</td>\n",
       "      <td>35.84</td>\n",
       "      <td>1087117.44</td>\n",
       "      <td>356536.32</td>\n",
       "      <td>730581.12</td>\n",
       "    </tr>\n",
       "    <tr>\n",
       "      <th>99998</th>\n",
       "      <td>Middle East and North Africa</td>\n",
       "      <td>Kuwait</td>\n",
       "      <td>Cosmetics</td>\n",
       "      <td>Online</td>\n",
       "      <td>L</td>\n",
       "      <td>6/28/2011</td>\n",
       "      <td>701597058</td>\n",
       "      <td>7/3/2011</td>\n",
       "      <td>7015</td>\n",
       "      <td>437.20</td>\n",
       "      <td>263.33</td>\n",
       "      <td>3066958.00</td>\n",
       "      <td>1847259.95</td>\n",
       "      <td>1219698.05</td>\n",
       "    </tr>\n",
       "    <tr>\n",
       "      <th>99999</th>\n",
       "      <td>Sub-Saharan Africa</td>\n",
       "      <td>Tanzania</td>\n",
       "      <td>Cosmetics</td>\n",
       "      <td>Offline</td>\n",
       "      <td>C</td>\n",
       "      <td>4/3/2012</td>\n",
       "      <td>423403060</td>\n",
       "      <td>4/30/2012</td>\n",
       "      <td>3229</td>\n",
       "      <td>437.20</td>\n",
       "      <td>263.33</td>\n",
       "      <td>1411718.80</td>\n",
       "      <td>850292.57</td>\n",
       "      <td>561426.23</td>\n",
       "    </tr>\n",
       "  </tbody>\n",
       "</table>\n",
       "<p>100000 rows × 14 columns</p>\n",
       "</div>"
      ],
      "text/plain": [
       "                                  Region                Country  \\\n",
       "0           Middle East and North Africa             Azerbaijan   \n",
       "1      Central America and the Caribbean                 Panama   \n",
       "2                     Sub-Saharan Africa  Sao Tome and Principe   \n",
       "3                     Sub-Saharan Africa  Sao Tome and Principe   \n",
       "4      Central America and the Caribbean                 Belize   \n",
       "...                                  ...                    ...   \n",
       "99995                 Sub-Saharan Africa                  Niger   \n",
       "99996                             Europe                 Poland   \n",
       "99997                 Sub-Saharan Africa                Comoros   \n",
       "99998       Middle East and North Africa                 Kuwait   \n",
       "99999                 Sub-Saharan Africa               Tanzania   \n",
       "\n",
       "           Item Type Sales Channel Order Priority Order Date   Order ID  \\\n",
       "0             Snacks        Online              C  10/8/2014  535113847   \n",
       "1          Cosmetics       Offline              L  2/22/2015  874708545   \n",
       "2             Fruits       Offline              M  12/9/2015  854349935   \n",
       "3      Personal Care        Online              M  9/17/2014  892836844   \n",
       "4          Household       Offline              H   2/4/2010  129280602   \n",
       "...              ...           ...            ...        ...        ...   \n",
       "99995         Cereal       Offline              L  8/26/2012  836322486   \n",
       "99996           Meat       Offline              C  12/3/2013  110449349   \n",
       "99997        Clothes        Online              M   8/7/2013  193128764   \n",
       "99998      Cosmetics        Online              L  6/28/2011  701597058   \n",
       "99999      Cosmetics       Offline              C   4/3/2012  423403060   \n",
       "\n",
       "        Ship Date  Units Sold  Unit Price  Unit Cost  Total Revenue  \\\n",
       "0      10/23/2014         934      152.58      97.44      142509.72   \n",
       "1       2/27/2015        4551      437.20     263.33     1989697.20   \n",
       "2       1/18/2016        9986        9.33       6.92       93169.38   \n",
       "3      10/12/2014        9118       81.73      56.67      745214.14   \n",
       "4        3/5/2010        5858      668.27     502.54     3914725.66   \n",
       "...           ...         ...         ...        ...            ...   \n",
       "99995   9/11/2012        5263      205.70     117.11     1082599.10   \n",
       "99996  12/10/2013        3272      421.89     364.69     1380424.08   \n",
       "99997   8/31/2013        9948      109.28      35.84     1087117.44   \n",
       "99998    7/3/2011        7015      437.20     263.33     3066958.00   \n",
       "99999   4/30/2012        3229      437.20     263.33     1411718.80   \n",
       "\n",
       "       Total Cost  Total Profit  \n",
       "0        91008.96      51500.76  \n",
       "1      1198414.83     791282.37  \n",
       "2        69103.12      24066.26  \n",
       "3       516717.06     228497.08  \n",
       "4      2943879.32     970846.34  \n",
       "...           ...           ...  \n",
       "99995   616349.93     466249.17  \n",
       "99996  1193265.68     187158.40  \n",
       "99997   356536.32     730581.12  \n",
       "99998  1847259.95    1219698.05  \n",
       "99999   850292.57     561426.23  \n",
       "\n",
       "[100000 rows x 14 columns]"
      ]
     },
     "execution_count": 15,
     "metadata": {},
     "output_type": "execute_result"
    }
   ],
   "source": [
    "df"
   ]
  },
  {
   "cell_type": "code",
   "execution_count": 17,
   "id": "305cc19c-140b-4f07-8f34-fd456a2e45ff",
   "metadata": {},
   "outputs": [
    {
     "data": {
      "text/html": [
       "<div>\n",
       "<style scoped>\n",
       "    .dataframe tbody tr th:only-of-type {\n",
       "        vertical-align: middle;\n",
       "    }\n",
       "\n",
       "    .dataframe tbody tr th {\n",
       "        vertical-align: top;\n",
       "    }\n",
       "\n",
       "    .dataframe thead th {\n",
       "        text-align: right;\n",
       "    }\n",
       "</style>\n",
       "<table border=\"1\" class=\"dataframe\">\n",
       "  <thead>\n",
       "    <tr style=\"text-align: right;\">\n",
       "      <th></th>\n",
       "      <th>Region</th>\n",
       "      <th>Country</th>\n",
       "      <th>Item Type</th>\n",
       "      <th>Sales Channel</th>\n",
       "      <th>Order Priority</th>\n",
       "      <th>Order Date</th>\n",
       "      <th>Order ID</th>\n",
       "      <th>Ship Date</th>\n",
       "      <th>Units Sold</th>\n",
       "      <th>Unit Price</th>\n",
       "      <th>Unit Cost</th>\n",
       "      <th>Total Revenue</th>\n",
       "      <th>Total Cost</th>\n",
       "      <th>Total Profit</th>\n",
       "    </tr>\n",
       "  </thead>\n",
       "  <tbody>\n",
       "    <tr>\n",
       "      <th>0</th>\n",
       "      <td>Middle East and North Africa</td>\n",
       "      <td>Azerbaijan</td>\n",
       "      <td>Snacks</td>\n",
       "      <td>Online</td>\n",
       "      <td>C</td>\n",
       "      <td>2014-10-08</td>\n",
       "      <td>535113847</td>\n",
       "      <td>10/23/2014</td>\n",
       "      <td>934</td>\n",
       "      <td>152.58</td>\n",
       "      <td>97.44</td>\n",
       "      <td>142509.72</td>\n",
       "      <td>91008.96</td>\n",
       "      <td>51500.76</td>\n",
       "    </tr>\n",
       "    <tr>\n",
       "      <th>1</th>\n",
       "      <td>Central America and the Caribbean</td>\n",
       "      <td>Panama</td>\n",
       "      <td>Cosmetics</td>\n",
       "      <td>Offline</td>\n",
       "      <td>L</td>\n",
       "      <td>2015-02-22</td>\n",
       "      <td>874708545</td>\n",
       "      <td>2/27/2015</td>\n",
       "      <td>4551</td>\n",
       "      <td>437.20</td>\n",
       "      <td>263.33</td>\n",
       "      <td>1989697.20</td>\n",
       "      <td>1198414.83</td>\n",
       "      <td>791282.37</td>\n",
       "    </tr>\n",
       "    <tr>\n",
       "      <th>2</th>\n",
       "      <td>Sub-Saharan Africa</td>\n",
       "      <td>Sao Tome and Principe</td>\n",
       "      <td>Fruits</td>\n",
       "      <td>Offline</td>\n",
       "      <td>M</td>\n",
       "      <td>2015-12-09</td>\n",
       "      <td>854349935</td>\n",
       "      <td>1/18/2016</td>\n",
       "      <td>9986</td>\n",
       "      <td>9.33</td>\n",
       "      <td>6.92</td>\n",
       "      <td>93169.38</td>\n",
       "      <td>69103.12</td>\n",
       "      <td>24066.26</td>\n",
       "    </tr>\n",
       "    <tr>\n",
       "      <th>3</th>\n",
       "      <td>Sub-Saharan Africa</td>\n",
       "      <td>Sao Tome and Principe</td>\n",
       "      <td>Personal Care</td>\n",
       "      <td>Online</td>\n",
       "      <td>M</td>\n",
       "      <td>2014-09-17</td>\n",
       "      <td>892836844</td>\n",
       "      <td>10/12/2014</td>\n",
       "      <td>9118</td>\n",
       "      <td>81.73</td>\n",
       "      <td>56.67</td>\n",
       "      <td>745214.14</td>\n",
       "      <td>516717.06</td>\n",
       "      <td>228497.08</td>\n",
       "    </tr>\n",
       "    <tr>\n",
       "      <th>4</th>\n",
